date,series,Category 1,Category 2,Category 3,Category 4,Category 5
one,Chart 1,73,1,26,0,0
two,Chart 1,48,9,14,26,3
three,Chart 1,26,18,12,40,3
four,Chart 1,13,22,10,52,3
five,Chart 1,5,22,6,62,4
one,Chart 2,76,11,9,0,4
two,Chart 2,38,36,13,9,4
three,Chart 2,20,41,13,22,4
four,Chart 2,9,41,12,35,4
one,Chart 3,67,22,10,0,0
two,Chart 3,30,44,15,10,1
three,Chart 3,15,46,13,25,1
one,Chart 4,58,33,9,0,0
two,Chart 4,20,60,10,9,0
one,Chart 5,59,32,9,0,0
